listing_id,high,medium,low
7142618,0.087,0.384,0.529
7210040,0.36,0.43,0.21
7174566,0,0.01,0.99
7191391,0.417,0.347,0.236
7171695,0.003,0.08,0.917
7225206,0.006,0.148,0.846
7200075,0,0.02,0.98
7145074,0.047,0.299,0.654
7193645,0.158,0.278,0.564
7147703,0.005,0.012,0.983
7182218,0.063,0.291,0.646
7132136,0.011,0.189,0.8
7130670,0.09,0.223,0.687
7151855,0.042,0.219,0.739
7158358,0.036,0.097,0.867
7221001,0.113,0.082,0.805
7100305,0.477,0.352,0.171
7096581,0.087,0.681,0.232
7177904,0.092,0.411,0.497
7122823,0.156,0.27,0.574
7183502,0.012,0.171,0.817
7170627,0.013,0.273,0.714
7154826,0.222,0.352,0.426
7155276,0,0.046,0.954
7126641,0.027,0.21,0.763
7096119,0.082,0.368,0.55
7197172,0.018,0.051,0.931
7189973,0.027,0.2,0.773
7123008,0.091,0.038,0.871
7146900,0.087,0.284,0.629
7109717,0.077,0.43,0.493
7129938,0.148,0.14,0.712
7107178,0,0.005,0.995
7176321,0.063,0.097,0.84
7128745,0.01,0.031,0.959
7142399,0.064,0.826,0.11
7173397,0.007,0.097,0.896
7097445,0.3,0.397,0.303
7176649,0.001,0.038,0.961
7217973,0.058,0.432,0.51
7181413,0.024,0.321,0.655
7131045,0.04,0.095,0.865
7227600,0.157,0.492,0.351
7152410,0.047,0.177,0.776
7164630,0.101,0.414,0.485
7233385,0.036,0.376,0.588
7132168,0.022,0.381,0.597
7177475,0,0.008,0.992
7195866,0,0.109,0.891
7128348,0.001,0.008,0.991
7127663,0.152,0.309,0.539
7224803,0.004,0.107,0.889
7175018,0.069,0.458,0.473
7172595,0.118,0.231,0.651
7109912,0.128,0.324,0.548
7138297,0.113,0.297,0.59
7092476,0.033,0.178,0.789
7089303,0.005,0.038,0.957
7125155,0.054,0.553,0.393
7220062,0.004,0.044,0.952
7106449,0.059,0.384,0.557
7128225,0.058,0.122,0.82
7195250,0.002,0.027,0.971
7218672,0.037,0.5,0.463
7196783,0,0.01,0.99
7103890,0.027,0.101,0.872
7091781,0.092,0.288,0.62
7188560,0,0.01,0.99
7158435,0.194,0.535,0.271
7174040,0.022,0.081,0.897
7090560,0.112,0.343,0.545
7176342,0.018,0.068,0.914
7192962,0.007,0.034,0.959
7097397,0.015,0.116,0.869
7145866,0.008,0.176,0.816
7206754,0.005,0.08,0.915
7138175,0.024,0.561,0.415
7149594,0.002,0.046,0.952
7156633,0.012,0.126,0.862
7105345,0.035,0.662,0.303
7213632,0.004,0.1,0.896
7183113,0.025,0.115,0.86
7140000,0.242,0.391,0.367
7195613,0.06,0.319,0.621
7105115,0.056,0.496,0.448
7160348,0.001,0.142,0.857
7160614,0.013,0.112,0.875
7092337,0.023,0.217,0.76
7147336,0.014,0.091,0.895
7218407,0.045,0.265,0.69
7153777,0.041,0.267,0.692
7105692,0.143,0.485,0.372
7182783,0.024,0.259,0.717
7175581,0.006,0.127,0.867
7178664,0.249,0.434,0.317
7211063,0.546,0.194,0.26
7224728,0.011,0.105,0.884
7102627,0.02,0.241,0.739
7092248,0.257,0.466,0.277
7207732,0.024,0.256,0.72
7103067,0.009,0.091,0.9
7229817,0.128,0.26,0.612
7172753,0.102,0.328,0.57
7125988,0,0.038,0.962
7091708,0,0.096,0.904
7120982,0.351,0.409,0.24
7200404,0.027,0.489,0.484
7134396,0.059,0.242,0.699
7094055,0.069,0.355,0.576
7220352,0.004,0.077,0.919
7097260,0.024,0.127,0.849
7132074,0.033,0.226,0.741
7195758,0,0.042,0.958
7218227,0.006,0.076,0.918
7191025,0.001,0.008,0.991
7152268,0.609,0.316,0.075
7210298,0.117,0.216,0.667
7096221,0.001,0.119,0.88
7137429,0.018,0.096,0.886
7141582,0.537,0.376,0.087
7125014,0.353,0.369,0.278
7204283,0.024,0.348,0.628
7129195,0,0.018,0.982
7208151,0.002,0.064,0.934
7169433,0.14,0.437,0.423
7194385,0.016,0.148,0.836
7184378,0.331,0.293,0.376
7112430,0.205,0.38,0.415
7224419,0.031,0.318,0.651
7176557,0.003,0.062,0.935
7185501,0.054,0.522,0.424
7205296,0,0.006,0.994
7143873,0.003,0.047,0.95
7227106,0.132,0.324,0.544
7143808,0.333,0.497,0.17
7123007,0.282,0.188,0.53
7120025,0.387,0.313,0.3
7095934,0.077,0.603,0.32
7102526,0.224,0.216,0.56
7149561,0.029,0.156,0.815
7147321,0.215,0.45,0.335
7163675,0.043,0.133,0.824
7203197,0.015,0.046,0.939
7192159,0.004,0.044,0.952
7124635,0.003,0.033,0.964
7138513,0.001,0.025,0.974
7116744,0.125,0.412,0.463
7228168,0,0.006,0.994
7156739,0.149,0.515,0.336
7233157,0.076,0.335,0.589
7091879,0.181,0.334,0.485
7145151,0.104,0.354,0.542
7230883,0,0.018,0.982
7188256,0.508,0.368,0.124
7203095,0,0.012,0.988
7142105,0.219,0.343,0.438
7210546,0.036,0.187,0.777
7134026,0.22,0.583,0.197
7119521,0.013,0.257,0.73
7225812,0.057,0.721,0.222
7231536,0.059,0.306,0.635
7120399,0.022,0.077,0.901
7209940,0.127,0.273,0.6
7125730,0.021,0.452,0.527
7129665,0,0.037,0.963
7156628,0.085,0.273,0.642
7154533,0.001,0.01,0.989
7194011,0.018,0.16,0.822
7159573,0.225,0.337,0.438
7122632,0.002,0.043,0.955
7199902,0,0.019,0.981
7204514,0.037,0.194,0.769
7114559,0.018,0.081,0.901
7172574,0.015,0.147,0.838
7190848,0.017,0.261,0.722
7127320,0.201,0.721,0.078
7099989,0.07,0.351,0.579
7193209,0.238,0.365,0.397
7163387,0.537,0.281,0.182
7192322,0.014,0.13,0.856
7181284,0.045,0.407,0.548
7138658,0.006,0.023,0.971
7094836,0.014,0.152,0.834
7228347,0.005,0.031,0.964
7092957,0.115,0.334,0.551
7095106,0.01,0.519,0.471
7118353,0,0.018,0.982
7187196,0,0.007,0.993
7171952,0.226,0.612,0.162
7109967,0.07,0.14,0.79
7121401,0.227,0.392,0.381
7117926,0.209,0.676,0.115
7149587,0,0.031,0.969
7153700,0,0.022,0.978
7128436,0.057,0.146,0.797
7156683,0.007,0.149,0.844
7183547,0.003,0.059,0.938
7130682,0.265,0.27,0.465
7191787,0.005,0.018,0.977
7201129,0.002,0.038,0.96
7131018,0.013,0.13,0.857
7191519,0.031,0.268,0.701
7129888,0.008,0.059,0.933
7119314,0.404,0.24,0.356
7173398,0.059,0.278,0.663
7100690,0.226,0.109,0.665
7111231,0.24,0.505,0.255
7173783,0.209,0.292,0.499
7185543,0.056,0.518,0.426
7190190,0.009,0.136,0.855
7157963,0.247,0.5,0.253
7158304,0.43,0.219,0.351
7095639,0.025,0.289,0.686
7130993,0,0.003,0.997
7117359,0.018,0.291,0.691
7122494,0,0.002,0.998
7093292,0.167,0.382,0.451
7214909,0.008,0.044,0.948
7178939,0.249,0.354,0.397
7209358,0.001,0.021,0.978
7232607,0.002,0.051,0.947
7207044,0.003,0.043,0.954
7223765,0.109,0.069,0.822
7103387,0.072,0.266,0.662
7149774,0.005,0.088,0.907
7105211,0.006,0.106,0.888
7183544,0.017,0.088,0.895
7233547,0.054,0.363,0.583
7096046,0,0.023,0.977
7174305,0,0.019,0.981
7172833,0.039,0.329,0.632
7109230,0.022,0.181,0.797
7180549,0.041,0.25,0.709
7096591,0.013,0.128,0.859
7110015,0.007,0.113,0.88
7114048,0.097,0.644,0.259
7111037,0.355,0.328,0.317
7218940,0.001,0.069,0.93
7151360,0.754,0.095,0.151
7127611,0.18,0.443,0.377
7157286,0.189,0.276,0.535
7155237,0.04,0.204,0.756
7152325,0.937,0.041,0.022
7133809,0.024,0.071,0.905
7151723,0.038,0.196,0.766
7139628,0.02,0.206,0.774
7116008,0,0.007,0.993
7139222,0.099,0.327,0.574
7118151,0.02,0.156,0.824
7211749,0.153,0.188,0.659
7216084,0.001,0.045,0.954
7167944,0.046,0.392,0.562
7204462,0.379,0.443,0.178
7170651,0.014,0.401,0.585
7166110,0.009,0.025,0.966
7215024,0.001,0.08,0.919
7092587,0.092,0.484,0.424
7228780,0.215,0.287,0.498
7113165,0.206,0.503,0.291
7185875,0.24,0.633,0.127
7207091,0.021,0.463,0.516
7154391,0.038,0.17,0.792
7134369,0.193,0.316,0.491
7114144,0.017,0.111,0.872
7225788,0,0.003,0.997
7174343,0.108,0.444,0.448
7184376,0.018,0.219,0.763
7099086,0.022,0.227,0.751
7206516,0.003,0.073,0.924
7109865,0,0.006,0.994
7221603,0.043,0.359,0.598
7102769,0.024,0.193,0.783
7136804,0.003,0.111,0.886
7133432,0.044,0.275,0.681
7211670,0.085,0.547,0.368
7193044,0.23,0.503,0.267
7179722,0,0.001,0.999
7098040,0.059,0.223,0.718
7228235,0.029,0.062,0.909
7168531,0.025,0.095,0.88
7092471,0.003,0.155,0.842
7151021,0.008,0.208,0.784
7117279,0,0.015,0.985
7231987,0.038,0.256,0.706
7152057,0.014,0.106,0.88
7169603,0.001,0.047,0.952
7190178,0.018,0.097,0.885
7098492,0.094,0.444,0.462
7151657,0.007,0.031,0.962
7202087,0.264,0.611,0.125
7172144,0.049,0.188,0.763
7151264,0.429,0.253,0.318
7167649,0.082,0.272,0.646
7125098,0.015,0.093,0.892
7192968,0.16,0.583,0.257
7167064,0.007,0.247,0.746
7208386,0.115,0.224,0.661
7140549,0.249,0.364,0.387
7232611,0.059,0.417,0.524
7231989,0.003,0.13,0.867
7131237,0.054,0.607,0.339
7123477,0.014,0.223,0.763
7139138,0.333,0.159,0.508
7100724,0.001,0.054,0.945
7114596,0.001,0.026,0.973
7143360,0,0.085,0.915
7131232,0.315,0.463,0.222
7135694,0.025,0.202,0.773
7156849,0.084,0.414,0.502
7134868,0.01,0.232,0.758
7204699,0.178,0.344,0.478
7159026,0.075,0.477,0.448
7210613,0.082,0.5,0.418
7178322,0.087,0.233,0.68
7092546,0.06,0.188,0.752
7175776,0.023,0.139,0.838
7198568,0.038,0.429,0.533
7205032,0,0.002,0.998
7191829,0.064,0.268,0.668
7090354,0.014,0.05,0.936
7103754,0.137,0.361,0.502
7210833,0.145,0.379,0.476
7119486,0.01,0.545,0.445
7313611,0.005,0.029,0.966
7192079,0.014,0.059,0.927
7174050,0.012,0.17,0.818
7158408,0.028,0.256,0.716
7162815,0.178,0.55,0.272
7128366,0.537,0.083,0.38
7233175,0.049,0.315,0.636
7095885,0.022,0.18,0.798
7098256,0.001,0.036,0.963
7198026,0.066,0.292,0.642
7179395,0.037,0.182,0.781
7126687,0.014,0.165,0.821
7186570,0.008,0.197,0.795
7174616,0.137,0.21,0.653
7190918,0.019,0.327,0.654
7174630,0,0.038,0.962
7099714,0.018,0.238,0.744
7210257,0.008,0.092,0.9
7218237,0,0.08,0.92
7194008,0.023,0.476,0.501
7145715,0.001,0.063,0.936
7161245,0.004,0.057,0.939
7232193,0.069,0.304,0.627
7157880,0.124,0.25,0.626
7234325,0.014,0.107,0.879
7105040,0.147,0.42,0.433
7123444,0.012,0.34,0.648
7098616,0.001,0.094,0.905
7111962,0.004,0.044,0.952
7206817,0,0.044,0.956
7140556,0.077,0.54,0.383
7214145,0,0.113,0.887
7215333,0.049,0.199,0.752
7130379,0.008,0.327,0.665
7215033,0.001,0.076,0.923
7200611,0.085,0.295,0.62
7159658,0.319,0.492,0.189
7109857,0.003,0.044,0.953
7187765,0.002,0.024,0.974
7197884,0.017,0.268,0.715
7141108,0.236,0.522,0.242
7221313,0.018,0.446,0.536
7160195,0.001,0.036,0.963
7135503,0,0.054,0.946
7184754,0.065,0.48,0.455
7181796,0.073,0.493,0.434
7204408,0.038,0.432,0.53
7125047,0.001,0.02,0.979
7170001,0.118,0.671,0.211
7222789,0,0.004,0.996
7119555,0.054,0.446,0.5
7103893,0.003,0.052,0.945
7231878,0.038,0.176,0.786
7194073,0.053,0.529,0.418
7156654,0.024,0.193,0.783
7181249,0,0.005,0.995
7155816,0.024,0.108,0.868
7140001,0.052,0.04,0.908
7167234,0.101,0.29,0.609
7102496,0.004,0.061,0.935
7232981,0.392,0.205,0.403
7216485,0.006,0.173,0.821
7224065,0.005,0.16,0.835
7172720,0,0.001,0.999
7119328,0.227,0.172,0.601
7166323,0.001,0.036,0.963
7095312,0.009,0.164,0.827
7126464,0.116,0.553,0.331
7156313,0.033,0.097,0.87
7142691,0.016,0.646,0.338
7180405,0.013,0.171,0.816
7201309,0.063,0.159,0.778
7229233,0.001,0.192,0.807
7128242,0.001,0.031,0.968
7206764,0,0.023,0.977
7125953,0.094,0.24,0.666
7193756,0.072,0.247,0.681
7110807,0.349,0.393,0.258
7123025,0.001,0.116,0.883
7229043,0.012,0.097,0.891
7144529,0.093,0.153,0.754
7089925,0.021,0.239,0.74
7142909,0.006,0.123,0.871
7200320,0.027,0.281,0.692
7216427,0.065,0.441,0.494
7192680,0.171,0.243,0.586
7130341,0.097,0.701,0.202
7214209,0.019,0.308,0.673
7207776,0.046,0.69,0.264
7185816,0.044,0.509,0.447
7172271,0,0.199,0.801
7165343,0.003,0.047,0.95
7212934,0.043,0.087,0.87
7152751,0.096,0.467,0.437
7089177,0.064,0.395,0.541
7135107,0.122,0.164,0.714
7092850,0.039,0.424,0.537
7158555,0.198,0.481,0.321
7234183,0.001,0.028,0.971
7118286,0.016,0.17,0.814
7119152,0.003,0.042,0.955
7223584,0.097,0.149,0.754
7123957,0.049,0.042,0.909
7223702,0,0.035,0.965
7108026,0.003,0.113,0.884
7165605,0.908,0.079,0.013
7227039,0.135,0.644,0.221
7157195,0.162,0.426,0.412
7104579,0.084,0.4,0.516
7119805,0.072,0.298,0.63
7142014,0.477,0.416,0.107
7174412,0.001,0.009,0.99
7205037,0.063,0.015,0.922
7096604,0.024,0.165,0.811
7214758,0.054,0.126,0.82
7135785,0.067,0.158,0.775
7210042,0.02,0.139,0.841
7150868,0.221,0.384,0.395
7115004,0.08,0.204,0.716
7208850,0,0.008,0.992
7122006,0.317,0.446,0.237
7218334,0.011,0.2,0.789
7164673,0.34,0.458,0.202
7098334,0.264,0.3,0.436
7116799,0.08,0.36,0.56
7158050,0.101,0.28,0.619
7113260,0.196,0.493,0.311
7169293,0.041,0.268,0.691
7219356,0.197,0.704,0.099
7103883,0.004,0.026,0.97
7162849,0.034,0.369,0.597
7220960,0.574,0.169,0.257
7218150,0.002,0.143,0.855
7169062,0.006,0.105,0.889
7132833,0.089,0.522,0.389
7153312,0.101,0.413,0.486
7102582,0.029,0.135,0.836
7128031,0.151,0.247,0.602
7226979,0.001,0.056,0.943
7174830,0.006,0.038,0.956
7095500,0.411,0.346,0.243
7203788,0.012,0.073,0.915
7195129,0.18,0.506,0.314
7096676,0.034,0.22,0.746
7139189,0,0.006,0.994
7156036,0.095,0.755,0.15
7201766,0.694,0.141,0.165
7127461,0.155,0.495,0.35
7176092,0.469,0.336,0.195
7093983,0.171,0.462,0.367
7219250,0.101,0.409,0.49
7216197,0.257,0.64,0.103
7175523,0.44,0.227,0.333
7096041,0,0.055,0.945
7106333,0.007,0.044,0.949
7135564,0.096,0.235,0.669
7230191,0.003,0.112,0.885
7094318,0.293,0.394,0.313
7157145,0.017,0.205,0.778
7141347,0.001,0.055,0.944
7197253,0.247,0.642,0.111
7151861,0,0.003,0.997
7128268,0.001,0.009,0.99
7180937,0.053,0.199,0.748
7097170,0.003,0.039,0.958
7205053,0.005,0.212,0.783
7223074,0.11,0.593,0.297
7127700,0.007,0.044,0.949
7184877,0.017,0.18,0.803
7156129,0.027,0.106,0.867
7233730,0.011,0.09,0.899
7153783,0.133,0.171,0.696
7113299,0.015,0.254,0.731
7098374,0.049,0.268,0.683
7225647,0,0.06,0.94
7111117,0.016,0.109,0.875
7138147,0.021,0.175,0.804
7120784,0.128,0.354,0.518
7186670,0.059,0.147,0.794
7145739,0,0.128,0.872
7090058,0.064,0.272,0.664
7110436,0.052,0.471,0.477
7232756,0,0.107,0.893
7111709,0.025,0.208,0.767
7107311,0.029,0.073,0.898
7210450,0.165,0.463,0.372
7127661,0.04,0.187,0.773
7096383,0.094,0.74,0.166
7137831,0.014,0.1,0.886
7160032,0.122,0.367,0.511
7128113,0.009,0.117,0.874
7197701,0.012,0.058,0.93
7140888,0.006,0.218,0.776
7098130,0.098,0.52,0.382
7158260,0.235,0.611,0.154
7112812,0.16,0.355,0.485
7179231,0.038,0.212,0.75
7123293,0.067,0.357,0.576
7127939,0.012,0.053,0.935
7210843,0.001,0.002,0.997
7119906,0.011,0.017,0.972
7157868,0.013,0.181,0.806
7160993,0.012,0.027,0.961
7198449,0.005,0.572,0.423
7194749,0.269,0.397,0.334
7164909,0.1,0.274,0.626
7155991,0.076,0.349,0.575
7219535,0.024,0.114,0.862
7127883,0.001,0.037,0.962
7192641,0.15,0.62,0.23
7222187,0.193,0.406,0.401
7129565,0.024,0.207,0.769
7143475,0.025,0.764,0.211
7121904,0.378,0.291,0.331
7124968,0.103,0.288,0.609
7103194,0.031,0.191,0.778
7197397,0.001,0.02,0.979
7181741,0.093,0.288,0.619
7139959,0.056,0.399,0.545
7179519,0.242,0.099,0.659
7187941,0.025,0.223,0.752
7142188,0.824,0.119,0.057
7224310,0.011,0.362,0.627
7142856,0.074,0.447,0.479
7090831,0.028,0.178,0.794
7152437,0,0.016,0.984
7130584,0.151,0.35,0.499
7162590,0,0.011,0.989
7210173,0.013,0.186,0.801
7173461,0.23,0.403,0.367
7201402,0.056,0.471,0.473
7156675,0.513,0.315,0.172
7105849,0.22,0.433,0.347
7190940,0.005,0.138,0.857
7176492,0.134,0.154,0.712
7109146,0.023,0.309,0.668
7135096,0.082,0.25,0.668
7145341,0.032,0.268,0.7
7170053,0.419,0.446,0.135
7222037,0.738,0.156,0.106
7200576,0.105,0.494,0.401
7219311,0.246,0.372,0.382
7088683,0.019,0.169,0.812
7197130,0.059,0.417,0.524
7198553,0,0.007,0.993
7092108,0.336,0.321,0.343
7233635,0.549,0.397,0.054
7162208,0.023,0.076,0.901
7113584,0.08,0.188,0.732
7088920,0.094,0.187,0.719
7212619,0.068,0.231,0.701
7108297,0.008,0.109,0.883
7212382,0.029,0.268,0.703
7228960,0.003,0.045,0.952
7223136,0,0.015,0.985
7140835,0.087,0.132,0.781
7161726,0.138,0.492,0.37
7193196,0.001,0.005,0.994
7131021,0.005,0.146,0.849
7136116,0.005,0.001,0.994
7199243,0.001,0.03,0.969
7107410,0.05,0.42,0.53
7111408,0.199,0.446,0.355
7143442,0.105,0.343,0.552
7201307,0.001,0.025,0.974
7163518,0.405,0.452,0.143
7210133,0.041,0.31,0.649
7155655,0.019,0.138,0.843
7140488,0.022,0.331,0.647
7133293,0.001,0.165,0.834
7126808,0.008,0.05,0.942
7227507,0.051,0.197,0.752
7159592,0.011,0.211,0.778
7180725,0.061,0.191,0.748
7150854,0.007,0.014,0.979
7137335,0.011,0.165,0.824
7158425,0.01,0.126,0.864
7213225,0.011,0.137,0.852
7148260,0.002,0.016,0.982
7111858,0.006,0.075,0.919
7171126,0.015,0.244,0.741
7189468,0,0.014,0.986
7192340,0.028,0.153,0.819
7164476,0.13,0.643,0.227
7510953,0.012,0.051,0.937
7233576,0.064,0.4,0.536
7181820,0.051,0.176,0.773
7152810,0.005,0.027,0.968
7201962,0,0.045,0.955
7139487,0.078,0.573,0.349
7227862,0.104,0.384,0.512
7207553,0.012,0.184,0.804
7161665,0.006,0.169,0.825
7145839,0.001,0.018,0.981
7111740,0.004,0.02,0.976
7218313,0.03,0.385,0.585
7210476,0.061,0.199,0.74
7215652,0.007,0.078,0.915
7139122,0.009,0.195,0.796
7105843,0.149,0.421,0.43
7202962,0.002,0.075,0.923
7125601,0,0.007,0.993
7177976,0.026,0.079,0.895
7160458,0.026,0.166,0.808
7101930,0.024,0.311,0.665
7162776,0.008,0.25,0.742
7201534,0.153,0.645,0.202
7134791,0.166,0.363,0.471
7187911,0.011,0.006,0.983
7179474,0.276,0.264,0.46
7211709,0.233,0.625,0.142
7091376,0.01,0.587,0.403
7220819,0.14,0.433,0.427
7097222,0.076,0.115,0.809
7214485,0.007,0.095,0.898
7191186,0.006,0.049,0.945
7113981,0.051,0.096,0.853
7100790,0.018,0.009,0.973
7147743,0,0.014,0.986
7092755,0.453,0.258,0.289
7113999,0.009,0.071,0.92
7119360,0.05,0.168,0.782
7088049,0,0.022,0.978
7144447,0.082,0.591,0.327
7123686,0.002,0.157,0.841
7178148,0.066,0.434,0.5
7100482,0.081,0.39,0.529
7131572,0.609,0.353,0.038
7181965,0.053,0.317,0.63
7110028,0.099,0.354,0.547
7107440,0.016,0.599,0.385
7124764,0.007,0.087,0.906
7152838,0,0.016,0.984
7146250,0.413,0.372,0.215
7198218,0.021,0.274,0.705
7136542,0.119,0.739,0.142
7204694,0.009,0.065,0.926
7230370,0.003,0.077,0.92
7207615,0.015,0.168,0.817
7170804,0.089,0.322,0.589
7100338,0.108,0.418,0.474
7102612,0.027,0.309,0.664
7136327,0.106,0.237,0.657
7226629,0.01,0.176,0.814
7154141,0.009,0.093,0.898
7119278,0.002,0.054,0.944
7172516,0.01,0.135,0.855
7173854,0.12,0.242,0.638
7113913,0.062,0.198,0.74
7214948,0.001,0.063,0.936
7167244,0.047,0.382,0.571
7212552,0.043,0.208,0.749
7169247,0.023,0.192,0.785
7164608,0.349,0.336,0.315
7104037,0.016,0.154,0.83
7161305,0.069,0.183,0.748
7233719,0.024,0.284,0.692
7197388,0.053,0.481,0.466
7109575,0.29,0.353,0.357
7204398,0.007,0.177,0.816
7218631,0.101,0.249,0.65
7130018,0.049,0.313,0.638
7123544,0.03,0.345,0.625
7159778,0,0.029,0.971
7212037,0.13,0.333,0.537
7141155,0,0.001,0.999
7131753,0.005,0.124,0.871
7172478,0.023,0.242,0.735
7119936,0.078,0.243,0.679
7178319,0.002,0.024,0.974
7210976,0.008,0.062,0.93
7088694,0.134,0.644,0.222
7126674,0.005,0.072,0.923
7225095,0.125,0.713,0.162
7177379,0.043,0.532,0.425
7167344,0,0.06,0.94
7092487,0.591,0.287,0.122
7207338,0.004,0.054,0.942
7200580,0.137,0.178,0.685
7101757,0,0.004,0.996
7106534,0,0.028,0.972
7140877,0.031,0.337,0.632
7088400,0,0.136,0.864
7208826,0.235,0.458,0.307
7124298,0.305,0.527,0.168
7197164,0.05,0.403,0.547
7188447,0.016,0.278,0.706
7193170,0,0.035,0.965
7232150,0.272,0.532,0.196
7206931,0.013,0.199,0.788
7163701,0.084,0.387,0.529
7230747,0,0.22,0.78
7123636,0.001,0.067,0.932
7100167,0.518,0.469,0.013
7095483,0.232,0.097,0.671
7212292,0.066,0.084,0.85
7161423,0.014,0.499,0.487
7094323,0.164,0.215,0.621
7134126,0.164,0.095,0.741
7135730,0,0.01,0.99
7114056,0.679,0.203,0.118
7162122,0.024,0.116,0.86
7226116,0.006,0.193,0.801
7225528,0.006,0.04,0.954
7198381,0.005,0.058,0.937
7165862,0.001,0.018,0.981
7226721,0.019,0.11,0.871
7119665,0.004,0.589,0.407
7092959,0.1,0.671,0.229
7233370,0.03,0.191,0.779
7198643,0.298,0.352,0.35
7151311,0.006,0.055,0.939
7228932,0.034,0.555,0.411
7133618,0,0.018,0.982
7155042,0.002,0.039,0.959
7202228,0.067,0.546,0.387
7138573,0,0.004,0.996
7108430,0.005,0.173,0.822
7231314,0.009,0.019,0.972
7124228,0.076,0.567,0.357
7174511,0.001,0.027,0.972
7185449,0.021,0.161,0.818
7213650,0.013,0.084,0.903
7133941,0.009,0.177,0.814
7187366,0,0.005,0.995
7224166,0.09,0.343,0.567
7169973,0.029,0.116,0.855
7210489,0.082,0.28,0.638
7161088,0.09,0.413,0.497
7153934,0.026,0.313,0.661
7131257,0.004,0.104,0.892
7194859,0.153,0.456,0.391
7113061,0.19,0.511,0.299
7204259,0,0.028,0.972
7222883,0.001,0.014,0.985
7102127,0.021,0.329,0.65
7101779,0.008,0.126,0.866
7204401,0.049,0.071,0.88
7102696,0.01,0.164,0.826
7167132,0.002,0.017,0.981
7153925,0.166,0.553,0.281
7109556,0,0.005,0.995
7140782,0.016,0.102,0.882
7150633,0.017,0.056,0.927
7130332,0.071,0.082,0.847
7090117,0.009,0.202,0.789
7159969,0.097,0.189,0.714
7159980,0.014,0.105,0.881
7094322,0.31,0.292,0.398
7169785,0.02,0.115,0.865
7137077,0.021,0.2,0.779
7166021,0,0.007,0.993
7090007,0.018,0.107,0.875
7174035,0.022,0.081,0.897
7222684,0,0.015,0.985
7145358,0.017,0.532,0.451
7198874,0.086,0.314,0.6
7227001,0.049,0.247,0.704
7213525,0.002,0.033,0.965
7222801,0,0.029,0.971
7223947,0.112,0.508,0.38
7217717,0.147,0.143,0.71
7131037,0.011,0.045,0.944
7212360,0.843,0.056,0.101
7116094,0.064,0.204,0.732
7117057,0.166,0.152,0.682
7110218,0.311,0.315,0.374
7224295,0.046,0.488,0.466
7156844,0.063,0.528,0.409
7132335,0.102,0.533,0.365
7177151,0.206,0.548,0.246
7145144,0.088,0.293,0.619
7088527,0,0.13,0.87
7591938,0.027,0.086,0.887
7164189,0.072,0.316,0.612
7181386,0.085,0.327,0.588
7154896,0.009,0.027,0.964
7171775,0.029,0.165,0.806
7223791,0.113,0.406,0.481
7114825,0.001,0.097,0.902
7186411,0.002,0.004,0.994
7178692,0.035,0.079,0.886
7092405,0.243,0.504,0.253
7154186,0,0.024,0.976
7089860,0.02,0.181,0.799
7093311,0.035,0.367,0.598
7095391,0.001,0.046,0.953
7117897,0.008,0.069,0.923
7109138,0.026,0.249,0.725
7099040,0.038,0.293,0.669
7093041,0.01,0.162,0.828
7094767,0.001,0.033,0.966
7111403,0.149,0.565,0.286
7136662,0.022,0.209,0.769
7172760,0.038,0.317,0.645
7093925,0.223,0.389,0.388
7151085,0.018,0.184,0.798
7229152,0.014,0.159,0.827
7177630,0.043,0.365,0.592
7112601,0.104,0.312,0.584
7091858,0.166,0.484,0.35
7145790,0.187,0.302,0.511
7121469,0.181,0.616,0.203
7131218,0.002,0.03,0.968
7089818,0.017,0.032,0.951
7218493,0.039,0.334,0.627
7102516,0.023,0.295,0.682
7128832,0.029,0.186,0.785
7141416,0.003,0.072,0.925
7119172,0.002,0.02,0.978
7104404,0.105,0.738,0.157
7155370,0.028,0.231,0.741
7099106,0.077,0.488,0.435
7207897,0,0.052,0.948
7181407,0.293,0.474,0.233
7230033,0.214,0.309,0.477
7089127,0.17,0.479,0.351
7209677,0,0.169,0.831
7140941,0.226,0.466,0.308
7104655,0.038,0.151,0.811
7229311,0.141,0.356,0.503
7150462,0.07,0.447,0.483
7193420,0.128,0.342,0.53
7224661,0.015,0.21,0.775
7105052,0.064,0.31,0.626
7211261,0.317,0.423,0.26
7209769,0.07,0.468,0.462
7167803,0.001,0.103,0.896
7095923,0.038,0.181,0.781
7187442,0.191,0.264,0.545
7108785,0.025,0.187,0.788
7179725,0.001,0.001,0.998
7210753,0.088,0.371,0.541
7211593,0.042,0.215,0.743
7186078,0.002,0.083,0.915
7090925,0.407,0.319,0.274
7134002,0.238,0.231,0.531
7164549,0.035,0.308,0.657
7215742,0.002,0.122,0.876
7108240,0.012,0.048,0.94
7197086,0.122,0.708,0.17
7205678,0,0.017,0.983
7122785,0.004,0.04,0.956
7114064,0.023,0.145,0.832
7224343,0,0.19,0.81
7194178,0.005,0.239,0.756
7095589,0.024,0.212,0.764
7197800,0.016,0.083,0.901
7088799,0.028,0.252,0.72
7194121,0.013,0.108,0.879
7196590,0.029,0.073,0.898
7223833,0.072,0.681,0.247
7110915,0.045,0.531,0.424
7224056,0.008,0.09,0.902
7197047,0.031,0.759,0.21
7090158,0.081,0.76,0.159
7123473,0.12,0.44,0.44
7193586,0.038,0.138,0.824
7196693,0.003,0.001,0.996
7199564,0.003,0.085,0.912
7093574,0.007,0.168,0.825
7092343,0.06,0.365,0.575
7217049,0.297,0.285,0.418
7111219,0.07,0.251,0.679
7133704,0.009,0.039,0.952
7182001,0.003,0.084,0.913
7180442,0.027,0.132,0.841
7111017,0.031,0.359,0.61
7220878,0.089,0.449,0.462
7095205,0,0.004,0.996
7216517,0,0.011,0.989
7159288,0.19,0.315,0.495
7119246,0.276,0.461,0.263
7158215,0.112,0.223,0.665
7136730,0.032,0.212,0.756
7107671,0,0.012,0.988
7134021,0.009,0.16,0.831
7232515,0.38,0.414,0.206
7147946,0.008,0.096,0.896
7190857,0.001,0.01,0.989
7178889,0.08,0.265,0.655
7170422,0.018,0.12,0.862
7091904,0.01,0.099,0.891
7217352,0.201,0.353,0.446
7197908,0.208,0.451,0.341
7142717,0,0.059,0.941
7183537,0.028,0.237,0.735
7205546,0.081,0.423,0.496
7183423,0.044,0.243,0.713
7093427,0.015,0.19,0.795
7219409,0.265,0.396,0.339
7116703,0.129,0.366,0.505
7151354,0.394,0.406,0.2
7222105,0.12,0.335,0.545
7180795,0.532,0.167,0.301
7098008,0.123,0.186,0.691
7206904,0.032,0.33,0.638
7141611,0.006,0.075,0.919
7195338,0.259,0.42,0.321
7092067,0.086,0.771,0.143
7097792,0.004,0.03,0.966
7222020,0.035,0.445,0.52
7209642,0.144,0.353,0.503
7209245,0.073,0.344,0.583
7108986,0.686,0.141,0.173
7107555,0.011,0.065,0.924
7233072,0,0.074,0.926
7156026,0.046,0.213,0.741
7169905,0.032,0.227,0.741
7122126,0.34,0.346,0.314
7211201,0.031,0.14,0.829
7742794,0,0.02,0.98
7207937,0.003,0.051,0.946
7202637,0,0.006,0.994
7134448,0.004,0.075,0.921
7173594,0.005,0.303,0.692
7108951,0.003,0.01,0.987
7174472,0.018,0.033,0.949
7210897,0.088,0.26,0.652
7185768,0.006,0.229,0.765
7230376,0.029,0.335,0.636
7098825,0.028,0.159,0.813
7201948,0.035,0.33,0.635
7165062,0.85,0.134,0.016
7198423,0.013,0.1,0.887
7119178,0.001,0.022,0.977
7178479,0.006,0.175,0.819
7200232,0.002,0.022,0.976
7170145,0.574,0.315,0.111
7176379,0.005,0.041,0.954
7137043,0.005,0.116,0.879
7200384,0.02,0.176,0.804
7217821,0.043,0.197,0.76
7134893,0.002,0.086,0.912
7197725,0.009,0.334,0.657
7204952,0.007,0.224,0.769
7231644,0.002,0.074,0.924
7234150,0.051,0.251,0.698
7114993,0.022,0.273,0.705
7136309,0.103,0.384,0.513
7220322,0.047,0.151,0.802
7187965,0.091,0.393,0.516
7203099,0.005,0.001,0.994
7143470,0.014,0.442,0.544
7087974,0.028,0.089,0.883
7140778,0.227,0.293,0.48
7129324,0,0.03,0.97
7213945,0.019,0.19,0.791
7226210,0.017,0.202,0.781
7162274,0.014,0.077,0.909
7102773,0.017,0.128,0.855
7186868,0,0.05,0.95
7228647,0.227,0.474,0.299
7193706,0.012,0.17,0.818
7122928,0.003,0.066,0.931
7229267,0.034,0.377,0.589
7206300,0,0.038,0.962
7147449,0.034,0.115,0.851
7136240,0.001,0.005,0.994
7221477,0.023,0.296,0.681
7106186,0.262,0.446,0.292
7145156,0.167,0.606,0.227
7224345,0.001,0.058,0.941
7232021,0.024,0.157,0.819
7231348,0.01,0.057,0.933
7140758,0.007,0.115,0.878
7099533,0.072,0.478,0.45
7225250,0.01,0.13,0.86
7125833,0,0.016,0.984
7129454,0,0.033,0.967
7092980,0.017,0.401,0.582
7123453,0.102,0.523,0.375
7142795,0.218,0.665,0.117
7102119,0.164,0.569,0.267
7211567,0.017,0.149,0.834
7213621,0,0.026,0.974
7103201,0.049,0.468,0.483
7163924,0.044,0.175,0.781
7210111,0.004,0.298,0.698
7144655,0.021,0.13,0.849
7160952,0.001,0.008,0.991
7184254,0.209,0.418,0.373
7216639,0.104,0.49,0.406
7110988,0.083,0.442,0.475
7212621,0.012,0.121,0.867
7112656,0.061,0.122,0.817
7224021,0.012,0.038,0.95
7196348,0.619,0.216,0.165
7194589,0.001,0.081,0.918
7193119,0,0.08,0.92
7188468,0,0.006,0.994
7215737,0.005,0.037,0.958
7137826,0.155,0.406,0.439
7126076,0.002,0.03,0.968
7155324,0.212,0.682,0.106
7157315,0.028,0.144,0.828
7115193,0.004,0.061,0.935
7107399,0.001,0.043,0.956
7218891,0.022,0.157,0.821
7148067,0.092,0.264,0.644
7135725,0,0.039,0.961
7197475,0.001,0.003,0.996
7160360,0.189,0.596,0.215
7122081,0.462,0.344,0.194
7159613,0.004,0.079,0.917
7189424,0.12,0.446,0.434
7232313,0.353,0.412,0.235
7227115,0.261,0.428,0.311
7132993,0.045,0.335,0.62
7217304,0.053,0.099,0.848
7098927,0.091,0.303,0.606
7118354,0.002,0.044,0.954
7178031,0.047,0.284,0.669
7228451,0.002,0.024,0.974
7209911,0.057,0.099,0.844
7170170,0.053,0.294,0.653
7129240,0.049,0.222,0.729
7110081,0.059,0.39,0.551
7150140,0.011,0.112,0.877
7180498,0.002,0.086,0.912
7206470,0.003,0.062,0.935
7221088,0.002,0.148,0.85
7120245,0.043,0.349,0.608
7128229,0.016,0.103,0.881
7234393,0.075,0.542,0.383
7231736,0.015,0.238,0.747
7216585,0.145,0.587,0.268
7181376,0.159,0.465,0.376
7145618,0.002,0.026,0.972
7110767,0.072,0.427,0.501
7140360,0.003,0.022,0.975
7160625,0.329,0.511,0.16
7218703,0.08,0.417,0.503
7183954,0.125,0.391,0.484
7194605,0.033,0.551,0.416
7160599,0.054,0.296,0.65
7145137,0.014,0.258,0.728
7176680,0,0.003,0.997
7153917,0,0.024,0.976
7134856,0.083,0.218,0.699
7164385,0,0.006,0.994
7193987,0,0.018,0.982
7204405,0.006,0.157,0.837
7223511,0.151,0.228,0.621
7104941,0.014,0.213,0.773
7168560,0.045,0.212,0.743
7126957,0.072,0.21,0.718
7170035,0.189,0.584,0.227
7220216,0.002,0.065,0.933
7217853,0.001,0.008,0.991
7181390,0.003,0.021,0.976
7232921,0.029,0.134,0.837
7199831,0.001,0.036,0.963
7202263,0.053,0.418,0.529
7209616,0.104,0.703,0.193
7128755,0.002,0.043,0.955
7149841,0.001,0.019,0.98
7186032,0.111,0.454,0.435
7137220,0.312,0.467,0.221
7190664,0.01,0.218,0.772
7149496,0.066,0.25,0.684
7120532,0.011,0.063,0.926
7092693,0.077,0.531,0.392
7197858,0.001,0.001,0.998
7212194,0.267,0.467,0.266
7138834,0,0.001,0.999
7104115,0.045,0.686,0.269
7094744,0.033,0.113,0.854
7198943,0.536,0.408,0.056
7176343,0,0.005,0.995
7133337,0.199,0.59,0.211
7188193,0.004,0.308,0.688
7136445,0.049,0.087,0.864
7154538,0.142,0.389,0.469
7197339,0,0.016,0.984
7121970,0.297,0.528,0.175
7172973,0.173,0.597,0.23
7155222,0.087,0.842,0.071
7208152,0.175,0.363,0.462
7110322,0.185,0.583,0.232
7173039,0.003,0.043,0.954
7225844,0,0.016,0.984
7160707,0.043,0.168,0.789
7130400,0.004,0.349,0.647
7213472,0.004,0.168,0.828
7090610,0.03,0.261,0.709
7169822,0.049,0.549,0.402
7178185,0.04,0.053,0.907
7118624,0.009,0.162,0.829
7113688,0,0.01,0.99
7113441,0.002,0.133,0.865
7114204,0.058,0.438,0.504
7189187,0.313,0.547,0.14
7164254,0.008,0.055,0.937
7088691,0.022,0.053,0.925
7186876,0,0.001,0.999
7110477,0.059,0.594,0.347
7093626,0.346,0.427,0.227
7172747,0.003,0.084,0.913
7218842,0.014,0.184,0.802
7122476,0.224,0.118,0.658
7132478,0.704,0.177,0.119
7152493,0.019,0.329,0.652
7116017,0.21,0.425,0.365
7090331,0.04,0.324,0.636
7201906,0.151,0.151,0.698
7170677,0.231,0.4,0.369
7143707,0.059,0.192,0.749
7148406,0.034,0.261,0.705
7210622,0.006,0.096,0.898
7180636,0.56,0.19,0.25
7139197,0.001,0.034,0.965
7125598,0.014,0.207,0.779
7222360,0.091,0.192,0.717
7152947,0.03,0.234,0.736
7110250,0.013,0.077,0.91
7089590,0.004,0.058,0.938
7192379,0.196,0.67,0.134
7136754,0.009,0.092,0.899
7232839,0.009,0.154,0.837
7187575,0.003,0.003,0.994
7105705,0.404,0.341,0.255
7119070,0.186,0.31,0.504
7205349,0,0.019,0.981
7187758,0.179,0.497,0.324
7125849,0,0.014,0.986
7204785,0.035,0.358,0.607
7118489,0.013,0.073,0.914
7117655,0.035,0.337,0.628
7214997,0.061,0.324,0.615
7141774,0.066,0.244,0.69
7117282,0.005,0.03,0.965
7092905,0.186,0.279,0.535
7167227,0.252,0.599,0.149
7118875,0.083,0.238,0.679
7155331,0.005,0.057,0.938
7211438,0.081,0.245,0.674
7173559,0.063,0.414,0.523
7199427,0,0.017,0.983
7099360,0.412,0.393,0.195
7125705,0,0.013,0.987
7172805,0.335,0.177,0.488
7139155,0.394,0.389,0.217
7214039,0.003,0.189,0.808
7094343,0.008,0.129,0.863
7204320,0.031,0.312,0.657
7151971,0.198,0.325,0.477
7110877,0.007,0.134,0.859
7132523,0.008,0.134,0.858
7155519,0.068,0.291,0.641
7190642,0.025,0.348,0.627
7118228,0.012,0.08,0.908
7126213,0.013,0.122,0.865
7172442,0.013,0.172,0.815
7118264,0.001,0.017,0.982
7093219,0.061,0.293,0.646
7233590,0.614,0.219,0.167
7128243,0.004,0.092,0.904
7106927,0.001,0.007,0.992
7228089,0.021,0.305,0.674
7146340,0.036,0.227,0.737
7112051,0.098,0.138,0.764
7127829,0.001,0.031,0.968
7210234,0.395,0.396,0.209
7109165,0.224,0.53,0.246
7166390,0,0.031,0.969
7110675,0.016,0.653,0.331
7126338,0.006,0.048,0.946
7143712,0,0.106,0.894
7214193,0.152,0.345,0.503
7181512,0.277,0.337,0.386
7155125,0.001,0.063,0.936
7110157,0.065,0.489,0.446
7190022,0.016,0.09,0.894
7227894,0.093,0.354,0.553
7203614,0.01,0.311,0.679
7161296,0.002,0.007,0.991
7138026,0.014,0.063,0.923
7133292,0.023,0.072,0.905
7136259,0.489,0.441,0.07
7092740,0.093,0.219,0.688
7185906,0.377,0.433,0.19
7171183,0.144,0.253,0.603
7099949,0.037,0.209,0.754
7232816,0.002,0.169,0.829
7731330,0.036,0.252,0.712
7188495,0,0.003,0.997
7232550,0.075,0.3,0.625
7094154,0.114,0.368,0.518
7194616,0.018,0.067,0.915
7114963,0.015,0.096,0.889
7221523,0.032,0.281,0.687
7179233,0.016,0.097,0.887
7177570,0.025,0.176,0.799
7228441,0,0.005,0.995
7153044,0.134,0.205,0.661
7172178,0.005,0.122,0.873
7222466,0.377,0.322,0.301
7153261,0.003,0.051,0.946
7124338,0.008,0.061,0.931
7117307,0.15,0.457,0.393
7200728,0.005,0.05,0.945
7134352,0.007,0.057,0.936
7198484,0.031,0.345,0.624
7132745,0.94,0.041,0.019
7111080,0.059,0.527,0.414
7227191,0.033,0.615,0.352
7124588,0.522,0.153,0.325
7127484,0.354,0.512,0.134
7094225,0.155,0.499,0.346
7230321,0.06,0.469,0.471
7154577,0.007,0.094,0.899
7204593,0,0.002,0.998
7157769,0.119,0.523,0.358
7173154,0.053,0.344,0.603
7113368,0.001,0.293,0.706
7096071,0.088,0.107,0.805
7137523,0.287,0.363,0.35
7131181,0.043,0.226,0.731
7095284,0.005,0.025,0.97
7157158,0.131,0.597,0.272
7088651,0,0.022,0.978
7197295,0,0.047,0.953
7137293,0.013,0.139,0.848
7091021,0.013,0.063,0.924
7228687,0,0.106,0.894
7100224,0.313,0.39,0.297
7144950,0.341,0.395,0.264
7154009,0.434,0.238,0.328
7115833,0.057,0.381,0.562
7102621,0.002,0.075,0.923
7137867,0.074,0.392,0.534
7182564,0.026,0.293,0.681
7208411,0.006,0.072,0.922
7111203,0.051,0.215,0.734
7106948,0,0.01,0.99
7131171,0.164,0.46,0.376
7162196,0.003,0.013,0.984
7204960,0.001,0.047,0.952
7220813,0.061,0.222,0.717
7102514,0.023,0.161,0.816
7170188,0.008,0.406,0.586
7200451,0.127,0.378,0.495
7131681,0.568,0.296,0.136
7155766,0.076,0.19,0.734
7200749,0.476,0.344,0.18
7191970,0.017,0.172,0.811
7127552,0.601,0.353,0.046
7186989,0,0.04,0.96
7102873,0.057,0.149,0.794
7205155,0.001,0.049,0.95
7126587,0.156,0.691,0.153
7098737,0.059,0.293,0.648
7180033,0.001,0.022,0.977
7234396,0.071,0.435,0.494
7140834,0,0.002,0.998
7181527,0.545,0.318,0.137
7109341,0.08,0.326,0.594
7193958,0.459,0.263,0.278
7202079,0.233,0.216,0.551
7217657,0.003,0.073,0.924
7185316,0.05,0.355,0.595
7216681,0.052,0.251,0.697
7136951,0.173,0.352,0.475
7186792,0,0.021,0.979
7131845,0.065,0.602,0.333
7143957,0.071,0.843,0.086
7207682,0.036,0.255,0.709
7228913,0.241,0.424,0.335
7185290,0.028,0.178,0.794
7228048,0.032,0.167,0.801
7091789,0.191,0.397,0.412
7172114,0.445,0.359,0.196
7204344,0.009,0.071,0.92
7212429,0.021,0.144,0.835
7174038,0.012,0.141,0.847
7140947,0.032,0.179,0.789
7136385,0.131,0.586,0.283
7098697,0.06,0.301,0.639
7103401,0.04,0.392,0.568
7129860,0.034,0.195,0.771
7105664,0.025,0.395,0.58
7233144,0.166,0.507,0.327
7207409,0.021,0.111,0.868
7231912,0.056,0.333,0.611
7126959,0.016,0.093,0.891
7227804,0.018,0.183,0.799
7163821,0.032,0.144,0.824
7145485,0.015,0.144,0.841
7097859,0.036,0.683,0.281
7154234,0.004,0.125,0.871
7109970,0.41,0.31,0.28
7152005,0.001,0.021,0.978
7232891,0.044,0.225,0.731
7142235,0.003,0.115,0.882
7149949,0.133,0.141,0.726
7195663,0.11,0.351,0.539
7190710,0.015,0.075,0.91
7142847,0.092,0.289,0.619
7138357,0.013,0.248,0.739
7203622,0.008,0.168,0.824
7123206,0.003,0.011,0.986
7143835,0.149,0.367,0.484
7203807,0.249,0.728,0.023
7176422,0.003,0.008,0.989
7161267,0.006,0.073,0.921
7217764,0.069,0.337,0.594
7189800,0.098,0.732,0.17
7157949,0,0.018,0.982
7137148,0.008,0.068,0.924
7182086,0.105,0.206,0.689
7093895,0.083,0.374,0.543
7234109,0.024,0.116,0.86
7137487,0.018,0.129,0.853
7103144,0.028,0.435,0.537
7227172,0.036,0.149,0.815
7211829,0.823,0.046,0.131
7208277,0.049,0.42,0.531
7094814,0.03,0.052,0.918
7204539,0.03,0.157,0.813
7195524,0.026,0.221,0.753
7194184,0.361,0.52,0.119
7226260,0,0.086,0.914
7154608,0.036,0.116,0.848
7132744,0.073,0.365,0.562
7125703,0.014,0.445,0.541
7157210,0.084,0.249,0.667
7210643,0.002,0.127,0.871
7100572,0.007,0.061,0.932
7133248,0.003,0.03,0.967
7176743,0.304,0.587,0.109
7111925,0,0.001,0.999
7142429,0.039,0.131,0.83
7232262,0.044,0.521,0.435
7088189,0.009,0.105,0.886
7162962,0.004,0.195,0.801
7102832,0.059,0.508,0.433
7096304,0.02,0.21,0.77
7155784,0.291,0.597,0.112
7213429,0.018,0.201,0.781
7142137,0.012,0.081,0.907
7121809,0.203,0.352,0.445
7169753,0.004,0.032,0.964
7154867,0.002,0.156,0.842
7218750,0.047,0.117,0.836
7173121,0.063,0.298,0.639
7175364,0.008,0.046,0.946
7154872,0.009,0.228,0.763
7153407,0.457,0.292,0.251
7141867,0.046,0.29,0.664
7200542,0.447,0.434,0.119
7144672,0.038,0.061,0.901
7227398,0.114,0.255,0.631
7141278,0.021,0.11,0.869
7098903,0.647,0.295,0.058
7173587,0.014,0.048,0.938
7161406,0,0.003,0.997
7174405,0.003,0.13,0.867
7201527,0.011,0.109,0.88
7094823,0,0,1
7174520,0,0.006,0.994
7199589,0.043,0.499,0.458
7210868,0.111,0.554,0.335
7226748,0.072,0.51,0.418
7141783,0,0.002,0.998
7159769,0.025,0.116,0.859
7202658,0,0.016,0.984
7216840,0.306,0.527,0.167
7149031,0.039,0.229,0.732
7123907,0.065,0.456,0.479
7220593,0.01,0.156,0.834
7099259,0.078,0.322,0.6
7153194,0.011,0.112,0.877
7120225,0.006,0.004,0.99
7137610,0.504,0.328,0.168
7132989,0.398,0.531,0.071
7167935,0.008,0.18,0.812
7131576,0.759,0.203,0.038
7200937,0.124,0.645,0.231
7094855,0.009,0.091,0.9
7164257,0.072,0.31,0.618
7154525,0.094,0.379,0.527
7108869,0.032,0.204,0.764
7147788,0.047,0.415,0.538
7195027,0.01,0.053,0.937
7107583,0.144,0.492,0.364
7134943,0.093,0.462,0.445
7148604,0.028,0.212,0.76
7180280,0.012,0.133,0.855
7212518,0.179,0.605,0.216
7190771,0.003,0.065,0.932
7149276,0.001,0.008,0.991
7093780,0.144,0.2,0.656
7104686,0.006,0.098,0.896
7127458,0.023,0.087,0.89
7130192,0.006,0.169,0.825
7199121,0.011,0.473,0.516
7135771,0,0.026,0.974
7174383,0.006,0.079,0.915
7161710,0.006,0.026,0.968
7229208,0.012,0.134,0.854
7148272,0.006,0.032,0.962
7201508,0.135,0.332,0.533
7133979,0.092,0.409,0.499
7131318,0.035,0.192,0.773
7191623,0.002,0.003,0.995
7103273,0.001,0.012,0.987
7106580,0.008,0.061,0.931
7180828,0.122,0.352,0.526
7217490,0.018,0.123,0.859
7125674,0.012,0.116,0.872
7207779,0.053,0.214,0.733
7199270,0.02,0.126,0.854
7200520,0.004,0.014,0.982
7197105,0.001,0.077,0.922
7175551,0.015,0.145,0.84
7225923,0.024,0.379,0.597
7105575,0.056,0.836,0.108
7119640,0.063,0.665,0.272
7189461,0.004,0.093,0.903
7125704,0.009,0.261,0.73
7144313,0,0.047,0.953
7124234,0.073,0.336,0.591
7093548,0.058,0.583,0.359
7194217,0.016,0.169,0.815
7143445,0.002,0.014,0.984
7220110,0.005,0.074,0.921
7196196,0.014,0.106,0.88
7165624,0,0.098,0.902
7133329,0.001,0.024,0.975
7112388,0.165,0.285,0.55
7151531,0.007,0.065,0.928
7205943,0.147,0.49,0.363
7192503,0,0.019,0.981
7229082,0.008,0.163,0.829
7099838,0.001,0.031,0.968
7143552,0.084,0.413,0.503
7173401,0.013,0.25,0.737
7091247,0,0.214,0.786
7205001,0.013,0.073,0.914
7097891,0.003,0.033,0.964
7154753,0.02,0.081,0.899
7157789,0.009,0.107,0.884
7100681,0,0.003,0.997
7211824,0.006,0.119,0.875
7195918,0.032,0.338,0.63
7185043,0.061,0.357,0.582
7132686,0.157,0.661,0.182
7126743,0.099,0.414,0.487
7118952,0.326,0.453,0.221
7214225,0.019,0.136,0.845
7090170,0.109,0.197,0.694
7204314,0,0.068,0.932
7102599,0.018,0.173,0.809
7123207,0.018,0.128,0.854
7220341,0.001,0.028,0.971
7214447,0,0.066,0.934
7091971,0.122,0.533,0.345
7119552,0.007,0.105,0.888
7232143,0.005,0.181,0.814
7215729,0.052,0.192,0.756
7156508,0,0.008,0.992
7197284,0.001,0.102,0.897
7159298,0.086,0.341,0.573
7162036,0.199,0.644,0.157
7230422,0.008,0.076,0.916
7186030,0.003,0.069,0.928
7155353,0.011,0.259,0.73
7149883,0.337,0.505,0.158
7131442,0.012,0.173,0.815
7191429,0.032,0.226,0.742
7089681,0.061,0.198,0.741
7158419,0.026,0.104,0.87
7101761,0.027,0.095,0.878
7140646,0,0.016,0.984
7145931,0.06,0.176,0.764
7197490,0,0.01,0.99
7113257,0.023,0.75,0.227
7112329,0.001,0.072,0.927
7111683,0.001,0.013,0.986
7128871,0,0.02,0.98
7129683,0,0.008,0.992
7130322,0.008,0.055,0.937
7213457,0,0.005,0.995
7137217,0.016,0.214,0.77
7160325,0.093,0.373,0.534
7102830,0.045,0.374,0.581
7151006,0.022,0.171,0.807
7119509,0.019,0.661,0.32
7233927,0.133,0.477,0.39
7210463,0.066,0.44,0.494
7088757,0.087,0.208,0.705
7120103,0.003,0.076,0.921
7170052,0.041,0.17,0.789
7205094,0.189,0.743,0.068
7114157,0.225,0.408,0.367
7153838,0.006,0.052,0.942
7204290,0.077,0.236,0.687
7228763,0.001,0.073,0.926
7120702,0.009,0.071,0.92
7144315,0.008,0.039,0.953
7150368,0.017,0.196,0.787
7170584,0.005,0.067,0.928
7175861,0.127,0.739,0.134
7232868,0.002,0.05,0.948
7148146,0.016,0.105,0.879
7132863,0.043,0.198,0.759
7174881,0.006,0.007,0.987
7139484,0.011,0.077,0.912
7139827,0.004,0.152,0.844
7089416,0.05,0.309,0.641
7128218,0.027,0.004,0.969
7211537,0.145,0.396,0.459
7140676,0.091,0.507,0.402
7217256,0.193,0.279,0.528
7188580,0.046,0.654,0.3
7222253,0.011,0.061,0.928
7150335,0.063,0.263,0.674
7150528,0.046,0.224,0.73
7140073,0.01,0.06,0.93
7139638,0.001,0.047,0.952
7121286,0.01,0.073,0.917
7161122,0.001,0.039,0.96
7166703,0,0,1
7109900,0,0.022,0.978
7158267,0.07,0.433,0.497
7173117,0.21,0.512,0.278
7168809,0.025,0.323,0.652
7137514,0.043,0.588,0.369
7158274,0.376,0.284,0.34
7184847,0.054,0.173,0.773
7198410,0.04,0.314,0.646
7191417,0.005,0.014,0.981
7210062,0.129,0.445,0.426
7133039,0.029,0.257,0.714
7205830,0.041,0.179,0.78
7108022,0.001,0.084,0.915
7136809,0.058,0.295,0.647
7091015,0.036,0.022,0.942
7170048,0.775,0.221,0.004
7219868,0.013,0.291,0.696
7173644,0.147,0.596,0.257
7095229,0.009,0.143,0.848
7117631,0,0.057,0.943
7199474,0.031,0.353,0.616
7196734,0.009,0.101,0.89
7118323,0.002,0.037,0.961
7124851,0.013,0.254,0.733
7120729,0.402,0.429,0.169
7139159,0.007,0.007,0.986
7102114,0.019,0.193,0.788
7090040,0.198,0.213,0.589
7210516,0.181,0.446,0.373
7123352,0.027,0.179,0.794
7113873,0.096,0.619,0.285
